Fib(10) = 55, время: 2e-06 сек
Fib(15) = 610, время: 7e-06 сек
Fib(20) = 6765, время: 6.6e-05 сек
Fib(25) = 75025, время: 0.000731 сек
Fib(30) = 832040, время: 0.007759 сек
Fib(35) = 9227465, время: 0.058411 сек
Fib(40) = 102334155, время: 0.54227 сек
Fib(45) = 1134903170, время: 5.99647 сек
